2000
1001 10000
1001 1000
1001 2000
1001 3000
1001 4000
1001 5000
1001 6000
1001 7000
1001 8000
1001 9000
1001 10000
1001 11000
1001 12000
1001 13000
1001 14000
1001 15000
1001 16000
1001 17000
1001 18000
1001 19000
1001 20000
1001 21000
1001 22000
1001 23000
1001 24000
1001 25000
1001 26000
1001 27000
1001 28000
1001 29000
1001 30000
1001 31000
1001 32000
1001 33000
1001 34000
1001 35000
1001 36000
1001 37000
1001 38000
1001 39000
1001 40000
1001 41000
1001 42000
1001 43000
1001 44000
1001 45000
1001 46000
1001 47000
1001 48000
1001 49000
1001 50000
1001 51000
1001 52000
1001 53000
1001 54000
1001 55000
1001 56000
1001 57000
1001 58000
1001 59000
1001 60000
1001 61000
1001 62000
1001 63000
1001 64000
1001 65000
1001 66000
1001 67000
1001 68000
1001 69000
1001 70000
1001 71000
1001 72000
1001 73000
1001 74000
1001 75000
1001 76000
1001 77000
1001 78000
1001 79000
1001 80000
1001 81000
1001 82000
1001 83000
1001 84000
1001 85000
1001 86000
1001 87000
1001 88000
1001 89000
1001 90000
1001 91000
1001 92000
1001 93000
1001 94000
1001 95000
1001 96000
1001 97000
1001 98000
1001 99000
1001 100000
1001 101000
1001 102000
1001 103000
1001 104000
1001 105000
1001 106000
1001 107000
1001 108000
1001 109000
1001 110000
1001 111000
1001 112000
1001 113000
1001 114000
1001 115000
1001 116000
1001 117000
1001 118000
1001 119000
1001 120000
1001 121000
1001 122000
1001 123000
1001 124000
1001 125000
1001 126000
1001 127000
1001 128000
1001 129000
1001 130000
1001 131000
1001 132000
1001 133000
1001 134000
1001 135000
1001 136000
1001 137000
1001 138000
1001 139000
1001 140000
1001 141000
1001 142000
1001 143000
1001 144000
1001 145000
1001 146000
1001 147000
1001 148000
1001 149000
1001 150000
1001 151000
1001 152000
1001 153000
1001 154000
1001 155000
1001 156000
1001 157000
1001 158000
1001 159000
1001 160000
1001 161000
1001 162000
1001 163000
1001 164000
1001 165000
1001 166000
1001 167000
1001 168000
1001 169000
1001 170000
1001 171000
1001 172000
1001 173000
1001 174000
1001 175000
1001 176000
1001 177000
1001 178000
1001 179000
1001 180000
1001 181000
1001 182000
1001 183000
1001 184000
1001 185000
1001 186000
1001 187000
1001 188000
1001 189000
1001 190000
1001 191000
1001 192000
1001 193000
1001 194000
1001 195000
1001 196000
1001 197000
1001 198000
1001 199000
1001 200000
1001 201000
1001 202000
1001 203000
1001 204000
1001 205000
1001 206000
1001 207000
1001 208000
1001 209000
1001 210000
1001 211000
1001 212000
1001 213000
1001 214000
1001 215000
1001 216000
1001 217000
1001 218000
1001 219000
1001 220000
1001 221000
1001 222000
1001 223000
1001 224000
1001 225000
1001 226000
1001 227000
1001 228000
1001 229000
1001 230000
1001 231000
1001 232000
1001 233000
1001 234000
1001 235000
1001 236000
1001 237000
1001 238000
1001 239000
1001 240000
1001 241000
1001 242000
1001 243000
1001 244000
1001 245000
1001 246000
1001 247000
1001 248000
1001 249000
1001 250000
1001 251000
1001 252000
1001 253000
1001 254000
1001 255000
1001 256000
1001 257000
1001 258000
1001 259000
1001 260000
1001 261000
1001 262000
1001 263000
1001 264000
1001 265000
1001 266000
1001 267000
1001 268000
1001 269000
1001 270000
1001 271000
1001 272000
1001 273000
1001 274000
1001 275000
1001 276000
1001 277000
1001 278000
1001 279000
1001 280000
1001 281000
1001 282000
1001 283000
1001 284000
1001 285000
1001 286000
1001 287000
1001 288000
1001 289000
1001 290000
1001 291000
1001 292000
1001 293000
1001 294000
1001 295000
1001 296000
1001 297000
1001 298000
1001 299000
1001 300000
1001 301000
1001 302000
1001 303000
1001 304000
1001 305000
1001 306000
1001 307000
1001 308000
1001 309000
1001 310000
1001 311000
1001 312000
1001 313000
1001 314000
1001 315000
1001 316000
1001 317000
1001 318000
1001 319000
1001 320000
1001 321000
1001 322000
1001 323000
1001 324000
1001 325000
1001 326000
1001 327000
1001 328000
1001 329000
1001 330000
1001 331000
1001 332000
1001 333000
1001 334000
1001 335000
1001 336000
1001 337000
1001 338000
1001 339000
1001 340000
1001 341000
1001 342000
1001 343000
1001 344000
1001 345000
1001 346000
1001 347000
1001 348000
1001 349000
1001 350000
1001 351000
1001 352000
1001 353000
1001 354000
1001 355000
1001 356000
1001 357000
1001 358000
1001 359000
1001 360000
1001 361000
1001 362000
1001 363000
1001 364000
1001 365000
1001 366000
1001 367000
1001 368000
1001 369000
1001 370000
1001 371000
1001 372000
1001 373000
1001 374000
1001 375000
1001 376000
1001 377000
1001 378000
1001 379000
1001 380000
1001 381000
1001 382000
1001 383000
1001 384000
1001 385000
1001 386000
1001 387000
1001 388000
1001 389000
1001 390000
1001 391000
1001 392000
1001 393000
1001 394000
1001 395000
1001 396000
1001 397000
1001 398000
1001 399000
1001 400000
1001 401000
1001 402000
1001 403000
1001 404000
1001 405000
1001 406000
1001 407000
1001 408000
1001 409000
1001 410000
1001 411000
1001 412000
1001 413000
1001 414000
1001 415000
1001 416000
1001 417000
1001 418000
1001 419000
1001 420000
1001 421000
1001 422000
1001 423000
1001 424000
1001 425000
1001 426000
1001 427000
1001 428000
1001 429000
1001 430000
1001 431000
1001 432000
1001 433000
1001 434000
1001 435000
1001 436000
1001 437000
1001 438000
1001 439000
1001 440000
1001 441000
1001 442000
1001 443000
1001 444000
1001 445000
1001 446000
1001 447000
1001 448000
1001 449000
1001 450000
1001 451000
1001 452000
1001 453000
1001 454000
1001 455000
1001 456000
1001 457000
1001 458000
1001 459000
1001 460000
1001 461000
1001 462000
1001 463000
1001 464000
1001 465000
1001 466000
1001 467000
1001 468000
1001 469000
1001 470000
1001 471000
1001 472000
1001 473000
1001 474000
1001 475000
1001 476000
1001 477000
1001 478000
1001 479000
1001 480000
1001 481000
1001 482000
1001 483000
1001 484000
1001 485000
1001 486000
1001 487000
1001 488000
1001 489000
1001 490000
1001 491000
1001 492000
1001 493000
1001 494000
1001 495000
1001 496000
1001 497000
1001 498000
1001 499000
1001 500000
1001 501000
1001 502000
1001 503000
1001 504000
1001 505000
1001 506000
1001 507000
1001 508000
1001 509000
1001 510000
1001 511000
1001 512000
1001 513000
1001 514000
1001 515000
1001 516000
1001 517000
1001 518000
1001 519000
1001 520000
1001 521000
1001 522000
1001 523000
1001 524000
1001 525000
1001 526000
1001 527000
1001 528000
1001 529000
1001 530000
1001 531000
1001 532000
1001 533000
1001 534000
1001 535000
1001 536000
1001 537000
1001 538000
1001 539000
1001 540000
1001 541000
1001 542000
1001 543000
1001 544000
1001 545000
1001 546000
1001 547000
1001 548000
1001 549000
1001 550000
1001 551000
1001 552000
1001 553000
1001 554000
1001 555000
1001 556000
1001 557000
1001 558000
1001 559000
1001 560000
1001 561000
1001 562000
1001 563000
1001 564000
1001 565000
1001 566000
1001 567000
1001 568000
1001 569000
1001 570000
1001 571000
1001 572000
1001 573000
1001 574000
1001 575000
1001 576000
1001 577000
1001 578000
1001 579000
1001 580000
1001 581000
1001 582000
1001 583000
1001 584000
1001 585000
1001 586000
1001 587000
1001 588000
1001 589000
1001 590000
1001 591000
1001 592000
1001 593000
1001 594000
1001 595000
1001 596000
1001 597000
1001 598000
1001 599000
1001 600000
1001 601000
1001 602000
1001 603000
1001 604000
1001 605000
1001 606000
1001 607000
1001 608000
1001 609000
1001 610000
1001 611000
1001 612000
1001 613000
1001 614000
1001 615000
1001 616000
1001 617000
1001 618000
1001 619000
1001 620000
1001 621000
1001 622000
1001 623000
1001 624000
1001 625000
1001 626000
1001 627000
1001 628000
1001 629000
1001 630000
1001 631000
1001 632000
1001 633000
1001 634000
1001 635000
1001 636000
1001 637000
1001 638000
1001 639000
1001 640000
1001 641000
1001 642000
1001 643000
1001 644000
1001 645000
1001 646000
1001 647000
1001 648000
1001 649000
1001 650000
1001 651000
1001 652000
1001 653000
1001 654000
1001 655000
1001 656000
1001 657000
1001 658000
1001 659000
1001 660000
1001 661000
1001 662000
1001 663000
1001 664000
1001 665000
1001 666000
1001 667000
1001 668000
1001 669000
1001 670000
1001 671000
1001 672000
1001 673000
1001 674000
1001 675000
1001 676000
1001 677000
1001 678000
1001 679000
1001 680000
1001 681000
1001 682000
1001 683000
1001 684000
1001 685000
1001 686000
1001 687000
1001 688000
1001 689000
1001 690000
1001 691000
1001 692000
1001 693000
1001 694000
1001 695000
1001 696000
1001 697000
1001 698000
1001 699000
1001 700000
1001 701000
1001 702000
1001 703000
1001 704000
1001 705000
1001 706000
1001 707000
1001 708000
1001 709000
1001 710000
1001 711000
1001 712000
1001 713000
1001 714000
1001 715000
1001 716000
1001 717000
1001 718000
1001 719000
1001 720000
1001 721000
1001 722000
1001 723000
1001 724000
1001 725000
1001 726000
1001 727000
1001 728000
1001 729000
1001 730000
1001 731000
1001 732000
1001 733000
1001 734000
1001 735000
1001 736000
1001 737000
1001 738000
1001 739000
1001 740000
1001 741000
1001 742000
1001 743000
1001 744000
1001 745000
1001 746000
1001 747000
1001 748000
1001 749000
1001 750000
1001 751000
1001 752000
1001 753000
1001 754000
1001 755000
1001 756000
1001 757000
1001 758000
1001 759000
1001 760000
1001 761000
1001 762000
1001 763000
1001 764000
1001 765000
1001 766000
1001 767000
1001 768000
1001 769000
1001 770000
1001 771000
1001 772000
1001 773000
1001 774000
1001 775000
1001 776000
1001 777000
1001 778000
1001 779000
1001 780000
1001 781000
1001 782000
1001 783000
1001 784000
1001 785000
1001 786000
1001 787000
1001 788000
1001 789000
1001 790000
1001 791000
1001 792000
1001 793000
1001 794000
1001 795000
1001 796000
1001 797000
1001 798000
1001 799000
1001 800000
1001 801000
1001 802000
1001 803000
1001 804000
1001 805000
1001 806000
1001 807000
1001 808000
1001 809000
1001 810000
1001 811000
1001 812000
1001 813000
1001 814000
1001 815000
1001 816000
1001 817000
1001 818000
1001 819000
1001 820000
1001 821000
1001 822000
1001 823000
1001 824000
1001 825000
1001 826000
1001 827000
1001 828000
1001 829000
1001 830000
1001 831000
1001 832000
1001 833000
1001 834000
1001 835000
1001 836000
1001 837000
1001 838000
1001 839000
1001 840000
1001 841000
1001 842000
1001 843000
1001 844000
1001 845000
1001 846000
1001 847000
1001 848000
1001 849000
1001 850000
1001 851000
1001 852000
1001 853000
1001 854000
1001 855000
1001 856000
1001 857000
1001 858000
1001 859000
1001 860000
1001 861000
1001 862000
1001 863000
1001 864000
1001 865000
1001 866000
1001 867000
1001 868000
1001 869000
1001 870000
1001 871000
1001 872000
1001 873000
1001 874000
1001 875000
1001 876000
1001 877000
1001 878000
1001 879000
1001 880000
1001 881000
1001 882000
1001 883000
1001 884000
1001 885000
1001 886000
1001 887000
1001 888000
1001 889000
1001 890000
1001 891000
1001 892000
1001 893000
1001 894000
1001 895000
1001 896000
1001 897000
1001 898000
1001 899000
1001 900000
1001 901000
1001 902000
1001 903000
1001 904000
1001 905000
1001 906000
1001 907000
1001 908000
1001 909000
1001 910000
1001 911000
1001 912000
1001 913000
1001 914000
1001 915000
1001 916000
1001 917000
1001 918000
1001 919000
1001 920000
1001 921000
1001 922000
1001 923000
1001 924000
1001 925000
1001 926000
1001 927000
1001 928000
1001 929000
1001 930000
1001 931000
1001 932000
1001 933000
1001 934000
1001 935000
1001 936000
1001 937000
1001 938000
1001 939000
1001 940000
1001 941000
1001 942000
1001 943000
1001 944000
1001 945000
1001 946000
1001 947000
1001 948000
1001 949000
1001 950000
1001 951000
1001 952000
1001 953000
1001 954000
1001 955000
1001 956000
1001 957000
1001 958000
1001 959000
1001 960000
1001 961000
1001 962000
1001 963000
1001 964000
1001 965000
1001 966000
1001 967000
1001 968000
1001 969000
1001 970000
1001 971000
1001 972000
1001 973000
1001 974000
1001 975000
1001 976000
1001 977000
1001 978000
1001 979000
1001 980000
1001 981000
1001 982000
1001 983000
1001 984000
1001 985000
1001 986000
1001 987000
1001 988000
1001 989000
1001 990000
1001 991000
1001 992000
1001 993000
1001 994000
1001 995000
1001 996000
1001 997000
1000 100000
10000 3000000
886 4289383
1915 81692777
2335 57747793
492 19885386
421 96516649
1027 25202362
2059 83368690
2926 44897763
426 65180540
736 4089172
368 35005211
429 94702567
530 36465782
1123 78722862
1135 45174067
2802 1513929
2058 15634022
1167 69133069
1456 59961393
1042 28175011
2373 31176229
1919 59484421
1537 8413784
2324 34575198
2370 49798315
526 29566413
980 12776091
873 11759956
170 37806862
2281 82906996
2925 11702305
327 37477084
1505 72660336
729 5750846
857 661313
2895 41616124
1545 39819582
2367 98898814
1364 10515434
2750 74344043
2808 77171087
1178 45117276
1584 80695788
2651 91705403
1399 52392754
60 53999932
1368 11549676
1012 43947739
2586 55636226
539 69348094
1570 36140795
1378 40651434
2601 17097467
902 76710097
492 30573317
2756 87926652
1280 59997301
1441 2724286
689 94953865
1619 64228444
729 21558440
1117 63958031
2771 14738097
2675 69834481
1927 10120709
856 31704567
1353 55179497
965 27254586
683 69455306
2624 52406219
2871 60051528
1829 12805732
1019 78409503
1368 13258270
1715 9959708
1149 73226340
2723 747796
2245 17142618
2451 50122846
2555 90892921
2488 31192379
2228 11537764
350 47469841
2500 11165193
2764 42757034
2914 69470124
1856 8936987
1491 75373743
2365 50322227
1936 60709859
551 71151432
1228 44316437
407 76153275
121 39901474
2395 53468858
1237 39036029
793 5908235
428 76065818
1011 89366143
2529 75335928
2404 3318776
763 39964443
1538 32114613
1840 52118606
2818 9002904
2688 95235128
1917 51797369
996 4569917
1743 6043324
2183 59259470
1499 80298490
725 96689772
1590 1385644
1139 44617505
1786 12502954
1082 27907669
464 22308542
507 33110197
1804 40759355
611 89376348
828 50573622
2343 34949299
1568 29195746
2422 35354340
1810 89023311
1801 47267605
2730 45425661
305 8044878
1736 69229320
1626 90079444
2465 77648522
2416 2586708
2258 43408282
2637 59412924
2624 73442062
36 38962600
899 38433452
550 31419379
71 65947468
131 7900973
1930 13903881
2894 76808933
2163 4158660
2981 58657199
1996 42548899
1773 60152959
1668 24272813
2095 25187190
1466 50952926
2340 4365084
2684 38422090
1542 53443376
2107 69755936
756 49517445
2418 56669179
1412 95706887
172 65103348
9 87451659
2210 62402336
587 95166342
2301 99878206
372 82697713
1255 70575321
2599 96864819
1904 97517721
811 50955939
1667 97073940
228 65311705
2150 46811127
658 7565984
2224 24763920
269 31602422
1081 80821396
2084 11645630
972 17679292
1850 53207672
2385 14647625
2299 46741222
2042 96306640
713 11783898
1190 97352298
590 82280524
1581 24688209
1336 66288819
2155 14937732
4 27495994
1769 82160379
776 82085273
1255 30668850
142 58721860
2884 5575579
205 18421993
1567 52867621
613 57962504
1754 13801961
2259 48031326
202 37518944
506 10613202
1021 82936784
2868 86222842
1189 55789528
1908 42608872
498 77849958
2808 53448036
248 23457753
1333 9383303
2648 29132133
2754 1772890
1746 50517567
2529 83690368
2046 34514500
797 75473788
1990 67066249
1033 39273303
497 15505363
892 52910253
1125 44247686
1996 61761152
188 25245975
729 35649157
2460 79895436
921 30253414
1304 77870460
1027 96060028
1748 44278050
902 92707556
2697 16504794
43 55858699
2 59301039
2403 86090428
2681 73144500
2538 98617647
1151 87036159
134 44522535
692 28104339
2127 13502215
629 77720504
2964 22060049
1429 28298285
2335 36495343
1900 2903177
971 3885238
2289 2416949
988 55495367
2795 7392292
144 89040743
1390 33102829
1340 2961682
1569 553541
1232 37453826
42 80172261
117 41690360
761 47228023
309 66000081
1425 86903190
2367 618996
234 84214677
2626 61730690
2057 16764524
2168 48349614
1358 11328205
2386 9726312
2346 77565100
2994 69602726
2552 65204916
529 64325578
2290 10528946
970 8302647
1080 74799051
2593 85799631
1627 81830857
886 56541312
355 43439214
2090 5193512
1479 88014412
1969 41909610
1274 95966189
641 48806355
2433 69356620
1888 9198987
2566 30498338
2284 37487770
417 32056856
2260 51300606
2237 25125849
2059 26107205
1518 76035217
783 78034945
458 53436873
1637 84710873
1483 41804289
2478 45826607
2314 30772757
729 16334471
1459 70591100
1438 39723618
2388 99058025
233 94633074
1681 75518157
2358 43003493
1699 35550270
2839 12633417
1363 4275569
2794 36092622
847 26413173
1462 4196431
2390 52456682
2791 58504292
2115 2205057
1157 88391521
491 52888574
1951 26401947
1021 10359231
740 40610537
2030 19485054
1325 91554098
1516 5241081
2002 71653516
2139 47372231
2404 72261796
580 33582338
21 94519218
2862 31513970
2379 21784812
685 32894977
2904 59031536
483 43324176
1759 95279207
1744 58984857
1911 44593499
2950 72020127
2560 33505236
2105 45367818
2049 91810563
711 65421244
1934 19041805
375 45563291
1614 37558955
1768 24133589
2918 15828993
1882 74552805
982 47844822
2030 65326717
1574 76593093
2593 31530126
2253 2781486
1074 9850543
1713 33327814
377 46478179
1775 474762
2919 41727088
2732 15935710
17 38110294
1235 69400346
2691 17871137
1943 24305153
1328 65122573
1291 10300925
18 20306710
1836 7277217
1055 60596963
2858 55387090
2904 51378130
2661 30698571
2685 66369633
2073 67304789
2851 55722604
250 419805
503 41767868
2006 61109485
2639 60082195
2120 52062949
1226 10080967
1677 60686763
981 54290596
1560 34740865
1955 30539036
1518 90367770
342 31359211
196 37322532
321 57272379
2984 10858270
1427 40384172
40 59344234
2072 38647283
2830 94307398
347 10901063
30 28966950
2714 61250573
522 3886059
2924 10134047
435 82945082
1204 81271232
1443 27622954
486 99411898
2278 62875640
1262 22089159
1683 69679262
2848 42561041
2324 97141723
1122 7026272
1335 32454154
1457 90335821
747 38909365
776 3591171
2218 72160269
703 33938701
2933 6914653
1959 33450907
806 80356728
720 4515797
1308 89547084
2698 74515334
2376 94110991
1715 45798898
2171 50801052
1559 35218189
2010 70752506
2224 49709016
1539 82173109
1378 57490000
1053 72058109
1114 61955081
989 11671338
67 71059426
223 80785147
2231 87776787
122 54696532
1875 34591281
2179 31884850
2254 92576590
1131 33215350
1857 70973813
1181 58381494
603 66146081
1433 79015720
1181 94887982
1415 20097487
825 35079296
2722 4765404
1551 23796892
2032 34230297
2181 8399134
415 78898506
2708 42767057
1999 23380595
1297 98501962
2776 20687483
977 13080154
1587 95191309
1382 72139932
1266 7895021
2860 30313563
2211 28903682
2086 12277685
1930 76564285
2583 71735990
2476 5197314
820 4754116
525 75641892
2839 47395528
2490 87897525
360 60651136
1643 67889618
928 40170337
621 10506582
955 89804310
2225 84370888
1570 51426815
1853 90543437
722 99460008
2350 4811783
2097 30418657
126 56363827
2071 46621269
1149 87726651
528 36060910
398 92430639
610 89241888
2577 27992393
2976 28433890
1552 46755199
2087 9416931
2099 43388777
2566 44400657
2017 29580952
1735 6072641
1298 20089368
195 96918184
1805 76696776
2428 60975266
1528 42588954
593 45080308
1197 51297278
1672 372555
445 16250774
1325 70305000
283 99560997
127 46648412
1421 45598382
334 81914693
334 39942439
2159 62088421
957 76994985
761 89001354
1972 7578762
2716 70631541
850 4561852
482 37703662
2217 2550399
173 87665154
1506 19399015
2364 86839851
2263 42724790
1172 66942491
2537 29570037
1828 16018859
1280 89360871
1856 34576987
341 42146590
2352 72563970
511 78587665
517 99893069
83 58907361
1112 44041351
506 28189300
2667 85291638
489 94709364
1154 71581032
1875 58136104
1141 78273679
1538 92413412
1636 9734969
956 24916170
2760 53162844
814 20406649
1314 69304465
1886 68922326
39 34660183
535 11826969
1621 94320152
2790 62924393
1109 92637289
673 4259631
735 47584264
2295 7774548
1313 50101877
2198 72666833
1355 86994949
793 56665155
2156 69678468
933 18400960
286 81098823
358 13213171
2140 20185677
2181 99493245
2990 17572761
2050 99150323
2954 25084100
364 79461075
2624 18322042
2919 51042659
844 92456289
1238 33293469
2976 78841551
1019 72125383
1343 72063133
2956 40019304
2475 30365981
11 73953666
1912 30788967
2729 70090192
1868 88380902
2 11088131
2207 77683174
216 38649718
377 30301183
472 16945487
2957 18434573
1125 54725062
1797 92713933
2418 98312496
2153 69893141
2474 22971726
393 96596980
948 55843485
2030 70372305
1559 28264029
160 206898
424 24734562
2280 82417719
1902 26411641
1480 5593010
1583 87992726
2140 98628789
1723 21303708
2557 74600938
1431 61152493
1220 62980710
690 49785905
391 81049613
1270 86963638
2667 84079421
671 15207829
1743 7096180
2899 67209095
2088 55843024
1386 54749154
2232 42010569
2710 37979969
30 90492373
2663 84498433
279 83932587
1649 14620094
2351 82291499
464 59007339
1330 22551742
2515 72312086
1915 66231349
1881 95950186
1634 32495011
2387 67874133
1287 61812722
1643 54806773
742 17881519
2244 49495354
139 57103124
1063 31016259
353 84677418
2269 92981712
2404 62558705
2799 35342733
1819 2992734
2435 96774315
2853 47691087
2450 100669
802 60916487
2562 73556837
2610 90598089
2960 31585205
2911 73666704
1829 74402557
1816 72623403
821 24321892
2605 3571522
2579 29302443
528 74325361
447 56273378
2045 77332700
787 51574882
1551 50804899
386 10242589
2426 19650353
1794 86966948
1506 12163036
92 76277107
1664 4665417
1820 69115921
2166 56098480
354 87105994
437 15774123
1484 30832933
2312 86086317
1017 19933931
2165 45186709
608 40959156
2745 28217069
422 7712995
1295 35001171
1559 63148569
1676 18264801
1571 38026652
925 90105340
1172 5251743
1089 5613091
2566 10906527
1812 13798878
196 64003050
333 81362124
186 63304213
370 60478499
568 75056794
2141 55465115
2639 89079342
1263 82482437
590 42663198
202 44169939
631 81226513
257 92865128
1571 85511804
683 31352346
225 24898138
2540 43190495
972 45036421
1634 30387226
2725 56134158
1952 65120356
2472 32077645
2339 18993446
1883 63568111
661 78417603
542 7255825
2339 44470216
2344 9379174
330 74960596
1294 40846267
2757 96342013
860 3980519
2292 12194650
2876 69117832
2990 62390279
635 85963953
598 8959295
741 48096107
2570 91714937
540 81944976
2801 75444584
1800 92720083
2609 30199492
2440 9766496
2763 2022939
1304 16505735
2606 21389873
2523 42930164
1349 27052251
530 28682751
2704 89816339
986 16953165
1625 32688302
591 31761079
2407 34262547
2131 99568484
2919 7939561
2053 29621931
2427 99420528
2819 95815494
2581 42517543
2768 4841123
639 37840187
1438 2524643
2394 64851988
680 6851320
486 45854098
2752 10993018
1098 93886463
1010 60494695
2179 8976505
66 37856142
1425 4868098
1978 7571472
966 59382853
748 10764797
272 68224547
86 70840516
159 68409912
2900 75989877
1197 4572553
2003 92962932
2951 59162035
1498 86518107
154 46710049
1906 33713861
3 59592334
1784 77635325
1797 91564428
2633 73781763
2560 41110115
1014 57880381
897 5185185
1097 20432100
329 54602408
1313 59373349
2634 84295879
914 14634316
2775 8808585
986 49022765
2626 53197930
2616 16237892
2569 54306629
1409 34799752
2515 31596366
1833 54367395
1776 45644428
2613 87073847
1300 93485026
1786 76941062
2763 8960629
508 12295100
416 93683397
1982 89230775
1540 33114544
826 63043320
565 73506518
1499 56651794
2546 78187134
1853 78716908
1303 33062
1842 87522686
534 97848432
810 1539807
2869 34618834
815 44453596
2696 19827984
2382 89352324
451 36194465
1361 68519716
2037 21869343
861 60654187
2981 63360602
88 75705360
2620 61273879
2293 56363941
2628 40022924
1708 12017135
2942 18483162
1996 86753870
2466 44554163
500 49197811
1487 40472515
332 82926234
1950 74682290
1633 51008693
880 35525339
1293 91927494
1854 81485213
1444 45466382
323 74571475
2751 9098738
1873 45716951
465 10014811
1681 87189168
2683 22334813
2977 80492499
1014 53674535
769 15115464
1107 50148346
391 40563072
1411 38865740
2587 17852623
2836 80007057
1439 3458793
620 94613281
2371 79820114
2418 97657371
2534 29860596
764 94769883
2697 9473567
67 53825800
1335 41153674
1490 63447433
132 96617457
2529 3615949
2690 19785523
2147 65785292
1349 78307629
1422 89492335
968 23782140
2255 12313043
2766 92850339
1936 34172025
2260 75191653
1220 92277052
1204 98562957
1983 74631287
2721 6119540
1997 53534826
1127 56707205
728 92433878
170 4665169
798 66647227
2563 4011520
1660 64739221
1616 45277883
1223 83912267
292 92055382
1035 13355511
563 99542553
1862 4428608
895 4251768
1660 95371198
2376 69654968
1173 18141009
2887 11089503
1673 55371254
2481 68794057
1929 51243823
2044 30674396
280 5631942
2209 98068012
2747 66596855
2366 60144854
2759 62403134
742 38101281
2401 15341973
171 45891638
2958 10273413
2422 64651899
755 46941484
1090 91505661
71 96528780
2603 29363923
320 38138000
2942 16272000
12 88506952
2807 85830504
2358 56979759
894 87572525
158 58179117
1090 86214636
626 73059560
973 36750614
1865 5201937
2421 64263748
409 82176620
2400 59488863
1786 21101832
2833 26478004
1356 1407458
410 55526127
2631 9606368
1128 97534569
446 39848341
1458 38485374
1010 15813605
165 24064901
1867 61838989
2926 24722490
2238 67250732
705 71700699
562 97272000
832 33165457
2461 20042348
1807 30130017
1497 7426169
2538 63880569
139 79529128
470 36135018
392 99038585
1542 69921280
2533 51836754
743 56241707
550 59834400
2485 33233021
720 22466788
140 81545190
647 88639634
983 43145325
2694 26870461
1630 82648142
63 63964191
2320 3845520
2538 12976554
1492 15387142
2422 14600930
1685 31900034
2094 84327308
708 32629780
802 74138644
2784 76279545
1087 70796522
157 21376925
1602 25051735
2548 20634492
1986 42830296
2840 91251530
51 54844049
2956 55320512
2654 35077589
2872 84868448
1482 8532428
2088 68632557
1337 57426576
220 89537797
694 67125139
1014 80687005
282 28674782
869 2390523
15 24135236
884 10681417
2299 31340353
1754 78792724
236 49546350
2292 59037710
158 57337242
23 39335164
721 60674641
2569 63762111
2260 61746410
1902 2182790
147 24149955
2089 71825916
1439 42482781
17 11583958
375 49757806
1511 86099901
1978 76714674
2377 72315265
1976 4038566
161 15917669
833 75259134
